<basename>
Irg
</basename>
<dim>
2
</dim>
<size>
32	32	
</size>
<data>
0.860734 0.435625 0.57492 0.653949 0.579146 0.640145 0.739713 0.932277 18.7262 1.61853 0.743441 0.556387 0.586643 0.724805 0.614689 0.71248 0.632464 0.910189 0.90608 0.936817 0.834886 0.887445 0.86049 0.890351 0.831385 0.8586 0.856456 0.89263 0.784698 0.668544 0.332463 0.924707 0.424628 0.44026 0.259372 0.471621 0.230448 0.588977 1.10959 0.902117 0.592844 0.516458 0.458139 0.574467 0.598238 0.697564 0.554518 0.786003 0.835547 0.845229 0.902006 0.867093 0.708402 0.676417 0.668178 0.7616 0.661967 0.6588 0.676788 0.642896 0.57554 0.399482 0.431904 0 0.606037 0.305139 0.623773 0.27181 0.470058 0.521173 0.623137 0.771605 0.599322 0.374688 0.462566 0.480807 0.582755 0.668869 0.866461 0.939427 0.754766 0.88633 0.854 0.704146 0.774944 0.603111 0.615904 0.745791 0.591528 0.635029 0.614487 0.558001 0.456863 0.70417 0 0 0.849175 0.774257 0.486814 0.841263 0.431392 0.576704 0.669355 0.679974 0.448205 0.394044 0.413141 0.535722 0.691823 0.730567 0.892903 0.877921 0.690387 0.836366 0.701232 0.8268 0.527282 0.760619 0.799188 0.83246 0.819649 0.618341 0.546936 0.759274 0.687669 0 0 0 0.972549 0.839027 0.944337 0.639537 0.826956 0.499827 0.643481 0.661931 0.65036 0.522316 0.439293 0.635962 0.859398 0.744633 0.881467 0.855183 0.605179 0.769421 0.738909 0.558874 0.567883 0.524839 0.763544 0.560437 0.529649 0.542498 0.491494 0.853832 0 0 0 0 1.10433 0.680409 1.0371 0.963779 0.641478 0.881812 0.695358 0.951478 1.13079 0.690027 0.584801 0.775392 1.01155 0.809518 0.844811 0.764546 0.643422 0.787501 0.807515 0.710612 0.799491 0.730452 0.478554 0.600374 0.408331 0.609824 0.866829 0 0 0 0 0 1.03839 0.86742 1.27271 1.07387 0.877924 0.872142 1.05496 1.56133 1.65851 0.857354 0.741662 0.765817 0.748828 0.802236 0.785469 0.78821 0.764457 0.850481 0.846984 0.826971 0.57111 0.524363 0.772653 0.566818 0.588874 0.901941 0 0 0 0 0 0 1.04727 1.17622 1.11501 1.04963 1.01252 1.09157 1.64267 2.22217 2.89667 1.08357 23.0097 0.656598 0.79675 0.866417 0.858312 0.906192 0.884753 0.875882 0.83122 0.811209 0.654453 0.779633 0.646621 0.869291 0.875849 0 0 0 0 0 0 0 1.52787 1.37743 1.15012 1.15336 1.25977 1.27752 2.00895 3.56388 4.67325 3.36457 3.2682 7.34318 1.43186 1.12539 1.2195 1.15028 0.891045 0.813044 0.69858 0.582536 0.745331 0.617477 0.500296 0.795924 0 0 0 0 0 0 0 0 1.19544 1.40101 1.25707 1.24943 1.41885 1.94521 2.49038 4.1059 6.09673 97.8396 40.2791 19.8348 2.2007 1.94681 1.72508 1.07185 0.800622 0.880559 0.753382 0.727085 0.679096 0.595559 0.899976 0 0 0 0 0 0 0 0 0 1.1236 1.33203 1.14825 1.40073 2.21346 2.49939 4.29557 5.25013 8.16619 42.8736 166.114 47.9991 6.094 3.88028 2.20882 1.2598 1.04253 0.973282 0.905317 0.947267 0.842531 0.953311 0 0 0 0 0 0 0 0 0 0 1.29516 1.79479 1.41845 1.72296 2.70296 5.201 7.96426 10.4865 20.223 131.898 212.504 141.711 15.036 5.5905 2.68237 1.66429 1.36698 1.22957 1.10882 0.954106 1.10846 0 0 0 0 0 0 0 0 0 0 0 1.45847 2.27093 1.81011 2.45768 4.1386 12.242 11.4834 23.8819 73.4346 224.869 239.695 249.309 29.4225 9.01178 3.44781 2.42763 1.98226 1.43547 1.05555 1.15124 0 0 0 0 0 0 0 0 0 0 0 0 1.7368 2.85645 2.10914 4.31394 7.68882 13.0474 24.5203 54.4029 159.221 250.305 232.454 233.401 53.6698 11.0014 5.44762 3.14802 2.26901 1.91185 1.45061 0 0 0 0 0 0 0 0 0 0 0 0 0 1.78516 3.35292 2.35766 5.77109 11.7754 25.1296 47.7756 122.153 206.507 232.077 219.576 164.238 78.5194 18.8797 5.64233 4.74762 3.45164 2.07722 0 0 0 0 0 0 0 0 0 0 0 0 0 0 1.60226 3.79271 3.15246 5.58575 19.918 32.1308 78.0024 167.445 220.692 231.62 217.181 174.915 90.0924 21.7344 13.0223 4.96091 5.13232 0 0 0 0 0 0 0 0 0 0 0 0 0 0 0 4.01122 4.46217 7.40565 14.0117 31.9899 53.4913 129.509 194.717 220.97 228.162 214.809 179.555 101.593 37.9823 19.2883 10.8053 0 0 0 0 0 0 0 0 0 0 0 0 0 0 0 0 2.49195 5.44257 4.64581 11.5463 27.9277 64.8397 144.474 195.131 220.263 225.677 212.214 169.782 100.263 67.3726 22.9876 0 0 0 0 0 0 0 0 0 0 0 0 0 0 0 0 0 3.65618 8.35183 8.21582 22.5392 34.0741 83.7137 162.91 209.174 227.544 222.231 201.68 160.647 121.437 75.0015 0 0 0 0 0 0 0 0 0 0 0 0 0 0 0 0 0 0 4.17823 11.0837 15.3461 16.9733 52.6468 121.103 175.707 217.78 224.615 206.188 185.024 145.299 103.455 0 0 0 0 0 0 0 0 0 0 0 0 0 0 0 0 0 0 0 8.89364 15.5063 14.7442 38.2474 75.2754 118.221 195.728 215.288 202.013 183.231 160.639 124.602 0 0 0 0 0 0 0 0 0 0 0 0 0 0 0 0 0 0 0 0 6.926 19.373 29.9204 39.7583 89.2099 133.109 191.563 187.873 185.963 157.192 115.785 0 0 0 0 0 0 0 0 0 0 0 0 0 0 0 0 0 0 0 0 0 9.14475 24.2288 35.7929 50.3859 81.3928 138.505 159.932 161.726 161.513 121.739 0 0 0 0 0 0 0 0 0 0 0 0 0 0 0 0 0 0 0 0 0 0 10.5448 22.9765 35.7937 48.9195 85.5609 123.189 136.498 134.954 142.322 0 0 0 0 0 0 0 0 0 0 0 0 0 0 0 0 0 0 0 0 0 0 0 15.1657 25.5538 38.0585 46.7916 87.4157 117.665 141.014 126.711 0 0 0 0 0 0 0 0 0 0 0 0 0 0 0 0 0 0 0 0 0 0 0 0 16.005 25.9752 36.7696 52.0307 87.0229 114.195 104.1 0 0 0 0 0 0 0 0 0 0 0 0 0 0 0 0 0 0 0 0 0 0 0 0 0 17.4217 27.3022 38.9136 65.3481 89.2005 78.5595 0 0 0 0 0 0 0 0 0 0 0 0 0 0 0 0 0 0 0 0 0 0 0 0 0 0 17.3949 36.5632 55.5601 65.3061 62.7997 0 0 0 0 0 0 0 0 0 0 0 0 0 0 0 0 0 0 0 0 0 0 0 0 0 0 0 33.1973 45.2505 64.0263 61.4173 0 0 0 0 0 0 0 0 0 0 0 0 0 0 0 0 0 0 0 0 0 0 0 0 0 0 0 0 39.9506 46.7565 53.8629 0 0 0 0 0 0 0 0 0 0 0 0 0 0 0 0 0 0 0 0 0 0 0 0 0 0 0 0 0 35.4324 40.703 0 0 0 0 0 0 0 0 0 0 0 0 0 0 0 0 0 0 0 0 0 0 0 0 0 0 0 0 0 0 18.4216 0 0 0 0 0 0 0 0 0 0 0 0 0 0 0 0 0 0 0 0 0 0 0 0 0 0 0 0 0 0 0 
</data>
